exp	c_1086	0181_0001	400	606578	196	1047	115	111	75	412
exp	c_1086	0101_0001	550	451137	24	213	34	22	24	120
exp	c_1086	0127_0001	650	500689	82	455	171	164	31	159
exp	c_1086	0168_0001	800	345654	35	110	63	72	3	52
exp	c_2198	0183_0001	400	655761	250	1931	98	232	81	740
exp	c_2198	0103_0001	550	436457	29	332	39	57	12	214
exp	c_2198	0130_0001	650	530867	107	756	296	325	49	303
exp	c_2198	0170_0001	800	479678	83	210	113	189	13	132
exp	c_54	0179_0001	400	569503	213	619	89	116	79	172
exp	c_54	0099_0001	550	476323	29	179	37	14	22	71
exp	c_54	0126_0001	650	538037	72	331	123	125	30	117
exp	c_54	0166_0001	800	481459	89	125	56	74	18	45
exp	empty	0187_0001	400	574281	211	256	96	32	59	62
exp	empty	0096_0001	550	453729	32	103	17	2	11	30
exp	empty	0124_0001	650	522456	40	185	42	30	24	48
exp	empty	0173_0001	800	395451	29	51	20	21	9	18
