exp	c_1086	0181_0001	400	606578	377	1423	190	176	151	619
exp	c_1086	0101_0001	550	451137	33	263	45	27	28	140
exp	c_1086	0127_0001	650	500689	118	630	238	200	49	212
exp	c_1086	0168_0001	800	345654	55	147	85	90	7	69
exp	c_2198	0183_0001	400	655761	496	2753	188	350	160	1149
exp	c_2198	0103_0001	550	436457	46	425	50	66	22	243
exp	c_2198	0130_0001	650	530867	169	1004	377	377	65	390
exp	c_2198	0170_0001	800	479678	138	294	154	233	22	172
exp	c_54	0179_0001	400	569503	379	895	170	169	145	279
exp	c_54	0099_0001	550	476323	41	213	44	19	29	90
exp	c_54	0126_0001	650	538037	106	437	162	143	47	156
exp	c_54	0166_0001	800	481459	140	168	88	92	27	54
exp	empty	0187_0001	400	574281	398	364	171	39	117	95
exp	empty	0096_0001	550	453729	42	118	28	2	18	34
exp	empty	0124_0001	650	522456	81	234	63	35	41	61
exp	empty	0173_0001	800	395451	55	71	32	30	19	26
