exp	c_1086	0181_0001	400	606578	226	1017	106	1	82	165
exp	c_1086	0101_0001	550	451137	31	206	34	2	25	79
exp	c_1086	0127_0001	650	500689	154	383	107	2	27	68
exp	c_1086	0168_0001	800	345654	43	102	64	6	4	29
exp	c_2198	0183_0001	400	655761	294	1887	98	11	106	282
exp	c_2198	0103_0001	550	436457	42	319	40	2	16	135
exp	c_2198	0130_0001	650	530867	235	628	208	15	27	139
exp	c_2198	0170_0001	800	479678	100	193	118	10	11	75
exp	c_54	0179_0001	400	569503	234	598	86	10	89	71
exp	c_54	0099_0001	550	476323	34	174	35	1	20	38
exp	c_54	0126_0001	650	538037	109	294	79	3	25	46
exp	c_54	0166_0001	800	481459	97	117	49	4	15	29
exp	empty	0187_0001	400	574281	216	251	94	1	56	18
exp	empty	0096_0001	550	453729	33	102	18	1	15	13
exp	empty	0124_0001	650	522456	60	165	30	2	20	20
exp	empty	0173_0001	800	395451	30	50	19	5	9	12
